28
246
259
271
272
363
395
579
633
638
653
665
666
670
675
676
679
681
684
700
770
797
864
870
931
933
935
936
938
940
947
948
953
959
960
964
974
986
993
994
1003
1004
1027
1046
1051
1067
1078
1089
1090
1094
1098
1100
1125
1126
1129
1132
1142
1157
1158
1160
1170
1177
1189
1208
1241
1245
1248
1277
1281
1301
1339
1348
1361
1395
1413
1414
1426
1438
1442
1455
1459
1514
1539
1567
1605
1640
1642
1657
1661
1664
1666
1696
1700
1716
1721
1726
1737
1749
1757
1788
1802
1851
1858
1868
1877
1880
1885
1886
1912
1935
1947
1960
1971
2033
2034
2041
2042
2046
2047
2052
2053
2059
2078
2079
2083
2088
2102
2103
2104
2113
2176
2341
2475
2620
2624
2626
2651
2807
2812
2849
2878
2884
2893
2944
2966
2973
2977
2997
3008
3009
3012
3016
3027
3031
3058
3070
3071
3107
3120
3123
3133
3142
3152
3157
3174
3175
3176
3182
3194
3206
3253
3257
3260
3285
3289
3332
3335
3551
3553
3555
3556
3580
3620
3634
3779
3857
3866
4944
5303
5315
5385
5403
5552
5705
5927
5991
6168
6339
6839
6886
6998
7068
7648
7984
8027
8434
8437
8592
8704
8770
8781
8881
8912
8917
8992
9000
9045
9103
9107
9163
9199
9218
9253
9267
9403
9471
9533
9549
9567
9700
9724
9810
9858
9957
9961
10000
10017
10030
10057
10132
10193
10194
10241
10256
10378
10650
10826
10847
10887
10934
11014
11039
11109
11112
11203
11377
11506
11889
11957
12110
12256
12439
